6 0.31484375 0.91796875 0.3640625 0.15546875
6 0.67734375 0.9 0.36640625 0.153125
6 0.6671875 0.77421875 0.34296875 0.11015625
6 0.31171875 0.80546875 0.365625 0.1453125
6 0.3046875 0.675 0.365625 0.128125
6 0.3 0.5546875 0.37734375 0.11484375
6 0.66484375 0.6703125 0.35078125 0.1140625
6 0.6578125 0.5515625 0.34296875 0.11328125
6 0.65703125 0.440625 0.33984375 0.1078125
6 0.296875 0.440625 0.37734375 0.1140625
6 0.30078125 0.3234375 0.378125 0.1140625
6 0.66171875 0.3296875 0.340625 0.12578125
6 0.659375 0.21484375 0.33984375 0.128125
6 0.303125 0.19921875 0.3734375 0.1296875
6 0.28671875 0.0734375 0.38359375 0.146875
6 0.66328125 0.10234375 0.3609375 0.11875