6 0.334375 0.08671875 0.36484375 0.128125
6 0.33359375 0.196875 0.365625 0.12734375
6 0.33828125 0.3109375 0.36171875 0.12109375
6 0.33984375 0.4328125 0.3703125 0.12734375
6 0.34609375 0.54921875 0.37109375 0.128125
6 0.3515625 0.66484375 0.37890625 0.12265625
6 0.353125 0.79375 0.378125 0.153125
6 0.35625 0.9109375 0.40234375 0.159375
6 0.6828125 0.109375 0.31953125 0.12890625
6 0.68359375 0.21875 0.32890625 0.12578125
6 0.68359375 0.3265625 0.32109375 0.1140625
6 0.696875 0.4328125 0.3296875 0.1078125
6 0.69296875 0.53984375 0.321875 0.10625
6 0.70078125 0.6515625 0.325 0.11171875
6 0.70859375 0.7578125 0.340625 0.115625
6 0.71640625 0.87734375 0.3359375 0.13359375