1 0.57734375 0.6390625 0.81953125 0.515625
1 0.61484375 0.4328125 0.7703125 0.22421875
1 0.85078125 0.2375 0.2984375 0.21875
1 0.60625 0.2515625 0.4328125 0.22109375
1 0.4640625 0.20859375 0.45078125 0.1890625
1 0.29140625 0.18828125 0.41484375 0.22109375
1 0.60546875 0.07890625 0.51953125 0.11484375
1 0.1484375 0.0984375 0.2234375 0.13984375
1 0.8125 0.80546875 0.375 0.1703125
1 0.22734375 0.77265625 0.4546875 0.45234375
1 0.13828125 0.4828125 0.2765625 0.23984375
1 0.26171875 0.32109375 0.52265625 0.2078125