0 0.609375 0.54609375 0.44140625 0.48984375
0 0.79765625 0.50234375 0.39375 0.5765625
0 0.95 0.3609375 0.1 0.41875
0 0.7515625 0.04765625 0.353125 0.0953125
0 0.3 0.29375 0.2640625 0.58125
0 0.140625 0.21640625 0.25859375 0.4328125
0 0.19453125 0.6734375 0.3890625 0.4625
0 0.459375 0.6796875 0.21796875 0.24453125
0 0.79453125 0.7515625 0.4109375 0.3125
0 0.53515625 0.3015625 0.3375 0.21171875
0 0.54296875 0.09375 0.2859375 0.1875
0 0.771875 0.1859375 0.29140625 0.22265625
0 0.2 0.7453125 0.39921875 0.321875