2 0.21328125 0.1640625 0.42578125 0.32734375
2 0.71484375 0.32734375 0.45078125 0.3515625
2 0.6484375 0.12265625 0.3140625 0.2453125
2 0.54140625 0.2171875 0.19921875 0.22421875
2 0.1765625 0.39140625 0.353125 0.20390625
2 0.26484375 0.5796875 0.45390625 0.4359375
2 0.6921875 0.6828125 0.42265625 0.22890625
2 0.6296875 0.525 0.41953125 0.2796875
2 0.87578125 0.54765625 0.19921875 0.33828125
2 0.89921875 0.859375 0.2015625 0.28125
2 0.475 0.925 0.453125 0.15
2 0.13125 0.92734375 0.246875 0.1453125
2 0.91640625 0.1625 0.1671875 0.32421875