2 0.5171875 0.43671875 0.36171875 0.325
2 0.2796875 0.60703125 0.2296875 0.21875
2 0.57578125 0.6515625 0.146875 0.2578125
2 0.81484375 0.5109375 0.25234375 0.2046875
2 0.89921875 0.30625 0.2015625 0.42421875
2 0.80625 0.35625 0.16328125 0.23984375
2 0.3796875 0.2515625 0.19765625 0.38671875
2 0.58203125 0.0859375 0.2140625 0.17109375
2 0.73515625 0.07421875 0.1203125 0.1484375
2 0.1296875 0.15234375 0.259375 0.30390625
2 0.22421875 0.203125 0.24296875 0.2171875
2 0.10625 0.496875 0.2125 0.375
2 0.04375 0.446875 0.0875 0.2921875
2 0.2234375 0.7953125 0.14765625 0.2484375
2 0.346875 0.8046875 0.159375 0.22890625
2 0.50859375 0.796875 0.2078125 0.24765625
2 0.740625 0.86015625 0.346875 0.11875
2 0.87265625 0.725 0.2546875 0.33515625
2 0.1171875 0.740625 0.12578125 0.35625
2 0.03203125 0.76328125 0.06328125 0.303125