3 0.30703125 0.06875 0.38125 0.1359375
3 0.69375 0.06796875 0.375 0.1359375
6 0.309375 0.2109375 0.3796875 0.14375
6 0.69609375 0.21171875 0.38203125 0.14140625
1 0.30703125 0.35625 0.38515625 0.14375
1 0.696875 0.35625 0.384375 0.14375
4 0.30625 0.5 0.384375 0.14296875
4 0.69375 0.49921875 0.3859375 0.14140625
5 0.30859375 0.64375 0.384375 0.14453125
5 0.69765625 0.63984375 0.38984375 0.14296875
0 0.3109375 0.78828125 0.38203125 0.13984375
0 0.69609375 0.790625 0.38359375 0.14140625
2 0.31328125 0.93046875 0.38125 0.1390625
2 0.696875 0.93046875 0.3859375 0.1390625