2 0.23984375 0.503125 0.47890625 0.375
2 0.1921875 0.1515625 0.38125 0.303125
2 0.25 0.13671875 0.5 0.1609375
2 0.58359375 0.20703125 0.29765625 0.18984375
2 0.90390625 0.27421875 0.1921875 0.165625
2 0.94375 0.115625 0.1125 0.14375
2 0.73203125 0.15390625 0.3140625 0.18203125
2 0.85234375 0.59609375 0.2953125 0.48359375
2 0.6203125 0.4375 0.18046875 0.42109375
2 0.653125 0.69375 0.49296875 0.44140625
2 0.94140625 0.78984375 0.11640625 0.25625
2 0.28046875 0.82734375 0.5609375 0.1828125
2 0.23203125 0.66875 0.4640625 0.21875
2 0.35234375 0.3234375 0.34921875 0.21796875