4 0.67421875 0.49921875 0.359375 0.15390625
4 0.20078125 0.4984375 0.35859375 0.14609375
4 0.4671875 0.63203125 0.2890625 0.37734375
4 0.21015625 0.70859375 0.378125 0.2234375
4 0.21640625 0.89140625 0.37734375 0.2171875
4 0.66640625 0.89375 0.38671875 0.2125
4 0.69609375 0.7203125 0.32890625 0.21015625
4 0.84296875 0.6796875 0.3140625 0.14375
4 0.96015625 0.35234375 0.07890625 0.36953125
4 0.8375 0.0953125 0.325 0.18984375
4 0.56796875 0.17734375 0.20859375 0.3546875
4 0.390625 0.19296875 0.3796875 0.3125
4 0.21875 0.2953125 0.15390625 0.2546875
4 0.47578125 0.41875 0.3609375 0.128125
4 0.80703125 0.265625 0.221875 0.1890625
4 0.20546875 0.0765625 0.13671875 0.153125
4 0.34921875 0.17109375 0.1546875 0.3421875
4 0.03359375 0.35078125 0.0671875 0.3609375
4 0.13515625 0.14375 0.1625 0.28671875