5 0.25 0.64453125 0.48125 0.13125
5 0.7546875 0.64296875 0.46875 0.1328125
4 0.75390625 0.5015625 0.4625 0.134375
4 0.253125 0.4984375 0.4921875 0.140625
1 0.2484375 0.3546875 0.48203125 0.13984375
1 0.75546875 0.35625 0.4703125 0.1359375
6 0.7578125 0.21328125 0.47890625 0.128125
6 0.25625 0.21328125 0.4890625 0.13515625
3 0.2546875 0.071875 0.47578125 0.1390625
3 0.75234375 0.06875 0.4734375 0.13671875
0 0.25234375 0.790625 0.4765625 0.1359375
0 0.7609375 0.79140625 0.45703125 0.13203125
2 0.76015625 0.9328125 0.4796875 0.1296875
2 0.2515625 0.93203125 0.48125 0.1359375